Utility:
Electricity:   2706
Gas:           800  	
Water:         629
ServantCharge: 3000
TrashCharge:   70
ExtraCharge:   0.0
Compensation:  0.0
END

		SHORON		IMROZE		 MITHUN		 SONY	       HASIB	END
Room Rent	 4720            2360             4720           2847          2360
Cloth Wash	  200		  200		   200		    0           0.0
garage		    0               0              500              0             0
END

SHORON: 890+1504

IMROZE: 866+461+598

MITHUN: 375+30+1199+83+40+750

SONY:   621+455

HASIB:  681+508+109


Date	SHORON		IMROZE		MITHUN		SONY		HASIB		
1/5  	  0		 0.5		  0.0		0.5		  0
2/5	  0	         0		  0.5		0.5		  0
3/5       0		 1		  1.0		2		  0
4/5       0 		 1		  1.0		1		  0
5/5       1		 1		  1.0		1		  0

6/5       0		 1		  2.0		2		  0
7/5       2		 1.5		  1.0		2		  0
8/5       4		 1		  1.0		1		  0
9/5      0.5		 1		  1.0		1		  0
10/5	  0		 1		  1.0		0		  1

11/5      0		 1		  1.0		1		  2
12/5      0		 1		  1.0		1		  2
13/5      0		 0		  1.0		1		  0
14/5      2		 2.5		  2.0		3		  1
15/5      0		 1		  1.0		1		  2

16/5      0		 1		  1.0		1		  2
17/5      0		 1		  0.5		1		  1
18/5      0		 0		  0.0		0		  0
19/5      0		 1		  1.0		1		  1
20/5      0		 1		  2.0		2		  0

21/5      2		 1		  1.0		0		  0
22/5     3.0		 1		  1.5		0		  0
23/5     2.5		 1		  2.0		0		  0
24/5     3.5		 1		  3.0		0		  0
25/5     3.0		 1		  3.0		0		  0

26/5     3.0		 1		  3.0		0		  0
27/5     4.0		 1		  3.0		0		  0
28/5     3.5		 1		  2.5		0		  0
29/5     2.0		 1		  1.0		0		  0
30/5     3.0		 1		  3.0		0		  1
31/5     0.0		 0		  0.0		0		  0
